team_name,race_year,total_races,total_points,avg_points
Ferrari,1950,8,57,7.125
Ferrari,1951,22,168,7.636363636363637
Ferrari,1952,28,202,7.214285714285714
Ferrari,1953,35,230,6.571428571428571
Mercedes,1954,12,96,8
Ferrari,1954,25,175,7
Mercedes,1955,15,124,8.266666666666667
Ferrari,1955,21,131,6.238095238095238
Ferrari,1956,23,172,7.478260869565218
Ferrari,1957,20,130,6.5
Ferrari,1958,21,159,7.571428571428571
Ferrari,1959,19,132,6.947368421052632
Ferrari,1960,17,102,6
Ferrari,1961,19,152,8
Ferrari,1962,12,73,6.083333333333333
Ferrari,1963,8,53,6.625
Ferrari,1964,15,105,7
Ferrari,1965,16,86,5.375
Ferrari,1966,8,65,8.125
Lotus-Ford,1967,9,75,8.333333333333334
Ferrari,1967,11,64,5.818181818181818
Lotus-Ford,1968,15,115,7.666666666666667
Ferrari,1968,10,70,7
Lotus-Ford,1969,22,127,5.7727272727272725
Ferrari,1969,4,23,5.75
Ferrari,1970,15,119,7.933333333333334
Ferrari,1971,11,79,7.181818181818182
Lotus-Ford,1971,10,63,6.3
McLaren,1971,11,46,4.181818181818182
McLaren,1972,20,136,6.8
Ferrari,1972,15,99,6.6
McLaren,1973,24,147,6.125
Ferrari,1973,11,54,4.909090909090909
Ferrari,1974,17,142,8.352941176470589
McLaren,1974,31,187,6.032258064516129
Ferrari,1975,20,150,7.5
McLaren,1975,18,127,7.055555555555555
McLaren,1976,20,147,7.35
Ferrari,1976,22,159,7.2272727272727275
Ferrari,1977,24,189,7.875
McLaren,1977,20,124,6.2
Ferrari,1978,20,119,5.95
McLaren,1978,21,86,4.095238095238095
Ferrari,1979,24,183,7.625
McLaren,1979,13,55,4.230769230769231
McLaren,1980,10,50,5
Ferrari,1980,12,47,3.9166666666666665
Ferrari,1981,13,72,5.538461538461538
McLaren,1981,13,70,5.384615384615385
Ferrari,1982,16,122,7.625
McLaren,1982,17,118,6.9411764705882355
Ferrari,1983,20,148,7.4
McLaren,1983,12,74,6.166666666666667
McLaren,1984,21,191,9.095238095238095
Ferrari,1984,18,123,6.833333333333333
McLaren,1985,16,134,8.375
Ferrari,1985,20,147,7.35
McLaren,1986,21,161,7.666666666666667
Ferrari,1986,15,88,5.866666666666666
Ferrari,1987,12,92,7.666666666666667
McLaren,1987,22,149,6.7727272727272725
McLaren,1988,28,253,9.035714285714286
Ferrari,1988,18,129,7.166666666666667
Ferrari,1989,9,82,9.11111111111111
McLaren,1989,21,188,8.952380952380953
Ferrari,1990,19,163,8.578947368421053
McLaren,1990,22,187,8.5
McLaren,1991,24,204,8.5
Ferrari,1991,16,117,7.3125
McLaren,1992,19,150,7.894736842105263
Ferrari,1992,10,56,5.6
McLaren,1993,17,128,7.529411764705882
Ferrari,1993,14,77,5.5
Ferrari,1994,17,127,7.470588235294118
McLaren,1994,13,91,7
Ferrari,1995,18,137,7.611111111111111
McLaren,1995,17,85,5
Ferrari,1996,16,117,7.3125
McLaren,1996,21,129,6.142857142857143
Ferrari,1997,22,160,7.2727272727272725
McLaren,1997,19,117,6.157894736842105
McLaren,1998,25,212,8.48
Ferrari,1998,26,203,7.8076923076923075
McLaren,1999,20,170,8.5
Ferrari,1999,27,203,7.518518518518518
Ferrari,2000,26,228,8.76923076923077
McLaren,2000,28,236,8.428571428571429
Ferrari,2001,28,245,8.75
McLaren,2001,23,173,7.521739130434782
Ferrari,2002,29,267,9.206896551724139
McLaren,2002,19,132,6.947368421052632
McLaren,2003,23,176,7.6521739130434785
Ferrari,2003,26,193,7.423076923076923
Ferrari,2004,32,287,8.96875
McLaren,2004,21,106,5.0476190476190474
McLaren,2005,27,212,7.851851851851852
Ferrari,2005,27,143,5.296296296296297
Red Bull,2005,22,77,3.5
Ferrari,2006,32,240,7.5
McLaren,2006,22,150,6.818181818181818
Red Bull,2006,10,35,3.5
Ferrari,2007,29,238,8.206896551724139
McLaren,2007,32,257,8.03125
Red Bull,2007,14,49,3.5
Ferrari,2008,27,206,7.62962962962963
McLaren,2008,29,191,6.586206896551724
Red Bull,2008,18,63,3.5
Red Bull,2009,24,185,7.708333333333333
McLaren,2009,17,101,5.9411764705882355
Ferrari,2009,19,103,5.421052631578948
Red Bull,2010,32,241,7.53125
McLaren,2010,31,231,7.451612903225806
Ferrari,2010,30,203,6.766666666666667
Mercedes,2010,27,131,4.851851851851852
Red Bull,2011,36,308,8.555555555555555
McLaren,2011,33,251,7.606060606060606
Ferrari,2011,33,210,6.363636363636363
Mercedes,2011,25,107,4.28
Red Bull,2012,32,232,7.25
McLaren,2012,28,187,6.678571428571429
Ferrari,2012,32,212,6.625
Mercedes,2012,18,82,4.555555555555555
Red Bull,2013,33,277,8.393939393939394
Ferrari,2013,32,195,6.09375
Mercedes,2013,33,199,6.03030303030303
McLaren,2013,25,84,3.36
Mercedes,2014,32,300,9.375
Red Bull,2014,32,211,6.59375
Ferrari,2014,30,133,4.433333333333334
McLaren,2014,25,107,4.28
Mercedes,2015,35,316,9.028571428571428
Ferrari,2015,31,226,7.290322580645161
Red Bull,2015,27,115,4.2592592592592595
McLaren,2015,6,19,3.1666666666666665
Mercedes,2016,39,344,8.820512820512821
Red Bull,2016,36,252,7
Ferrari,2016,34,225,6.617647058823529
McLaren,2016,17,53,3.1176470588235294
Mercedes,2017,39,319,8.179487179487179
Ferrari,2017,34,266,7.823529411764706
Red Bull,2017,27,194,7.185185185185185
McLaren,2017,8,22,2.75
Mercedes,2018,39,316,8.102564102564102
Ferrari,2018,37,289,7.8108108108108105
Red Bull,2018,30,219,7.3
McLaren,2018,13,44,3.3846153846153846
Mercedes,2019,40,339,8.475
Ferrari,2019,34,261,7.676470588235294
Red Bull,2019,36,227,6.305555555555555
McLaren,2019,24,95,3.9583333333333335
Mercedes,2020,31,258,8.32258064516129
Red Bull,2020,24,166,6.916666666666667
McLaren,2020,25,122,4.88
Ferrari,2020,17,78,4.588235294117647
